Passage number	r1	r2	r3	r4	r5	r6	r7	r8	r9	r10	r11	r12
p1	900000	500000	400000	400000	400000	500000	500000	700000	200000	600000	700000	400000
p2	500000	3100000	4100000	3200000	2200000	2300000	3900000	3400000	2900000	2300000	5000000	8000000
p3	1000000	1000000	1300000	700000	800000	1000000	700000	2400000	1300000	1300000	1700000	800000
p4	4000000	2000000	2000000	2000000	1000000	1100000	3000000	2800000	1900000	2000000	3000000	2000000
p5	300000	800000	400000	600000	300000	200000	1000000	400000	400000	300000	600000	300000
p6	300000	800000	700000	1000000	700000	300000	400000	400000	800000	700000	1100000	1000000
p7	4000000	1500000	1000000	2600000	3100000	2700000	1900000	1800000	1100000	1500000	1700000	2700000
p8	1100000	2200000	1800000	2100000	1800000	1700000	1300000	700000	200000	110000	210000	80000
p9	40000	290000	300000	230000	350000	250000	250000	280000	340000	390000	300000	240000
p10	1700000	1900000	2400000	1400000	2500000	1400000	1200000	1200000	1200000	1800000	1700000	1400000
p11	20000	130000	100000	180000	500000	300000	200000	200000	200000	200000	200000	500000
p12	190000	500000	200000	400000	100000	180000	140000	400000	200000	200000	300000	500000
